1	57.1
2	48.3
3	44.1
4	43.0
5	42.3
6	41.0
7	39.1
8	39.1
9	37.0
10	37.0
11	36.7
12	36.7
13	36.4
14	34.9
15	34.8
16	34.4
17	33.2
18	32.9
19	32.8
20	32.7
21	31.9
22	31.4
23	31.4
24	30.9
25	30.9
26	30.9
27	30.7
28	29.6
29	29.6
30	27.9
31	27.8
32	27.0
33	26.4
34	26.1
35	26.0
36	25.9
37	25.6
38	25.4
39	25.1
40	24.9
41	24.8
42	24.4
43	24.1
44	24.1
45	23.3
46	23.1
47	22.9
48	22.6
49	22.4
50	22.2
51	22.2
52	22.1
53	22.0
54	22.0
55	21.4
56	21.3
57	21.2
58	21.2
59	21.0
60	21.0
61	21.0
62	21.0
63	20.9
64	20.6
65	20.1
66	19.8
67	19.7
68	19.4
69	19.0
70	19.0
71	19.0
72	18.9
73	18.8
74	18.8
75	18.3
76	18.2
77	18.2
78	18.1
79	17.6
80	17.4
81	17.2
82	17.0
83	16.8
84	16.8
85	16.6
86	16.6
87	16.2
88	16.1
89	16.0
90	16.0
91	15.8
92	15.7
93	15.6
94	15.3
95	15.2
96	15.1
97	15.0
98	14.6
99	14.3
100	14.3
101	14.0
102	13.9
103	13.9
104	13.7
105	13.6
106	13.3
107	13.2
108	13.2
109	12.9
110	12.9
111	12.7
112	12.7
113	12.6
114	12.1
115	11.7
116	11.4
117	11.3
118	11.2
119	11.1
120	11.0
121	11.0
122	11.0
123	10.9
124	10.9
125	10.8
126	10.7
127	10.6
128	10.6
129	10.4
130	10.3
131	10.2
132	10.0
133	10.0
134	9.9
135	9.9
136	9.8
137	9.7
138	9.7
139	9.7
140	9.7
141	9.6
142	9.6
143	9.3
144	9.3
145	9.3
146	9.2
147	9.2
148	9.1
149	9.1
150	9.0
151	9.0
152	8.8
153	8.8
154	8.7
155	8.4
156	8.4
157	8.2
158	8.1
159	8.1
160	8.0
161	7.9
162	7.8
163	7.8
164	7.7
165	7.7
166	7.7
167	7.6
168	7.6
169	7.4
170	7.4
171	7.3
172	7.3
173	7.3
174	7.2
175	7.0
176	6.9
177	6.9
178	6.8
179	6.8
180	6.7
181	6.6
182	6.4
183	6.4
184	6.3
185	6.1
186	6.0
187	6.0
188	6.0
189	5.8
190	5.8
191	5.8
192	5.8
193	5.8
194	5.8
195	5.7
196	5.6
197	5.4
198	5.3
199	5.3
200	5.3
201	5.3
202	5.1
203	5.0
204	5.0
205	5.0
206	4.9
207	4.9
208	4.8
209	4.7
210	4.6
211	4.6
212	4.6
213	4.6
214	4.6
215	4.6
216	4.5
217	4.4
218	4.3
219	4.1
220	4.1
221	4.0
222	3.9
223	3.9
224	3.8
225	3.7
226	3.6
227	3.6
228	3.6
229	3.4
230	3.4
231	3.4
232	3.3
233	3.3
234	3.2
235	3.1
236	3.0
237	3.0
238	3.0
239	3.0
240	2.9
241	2.9
242	2.7
243	2.7
244	2.3
245	2.2
246	2.1
247	2.0
248	2.0
249	2.0
250	2.0
251	1.8
252	1.3
253	0.7
254	0.7
255	0.7
256	0.6
