AV Data
1	38
2	19
3	7
4	22
5	23
6	43
7	19
8	17
9	10
10	21
11	5
12	8
13	36
14	12
15	16
16	18
17	32
18	14
19	2
20	7
21	8
22	39
23	16
24	16
25	23
26	3
27	17
28	26
29	0
30	4
31	5
32	15
33	26
34	23
35	20
36	12
37	14
38	14
39	18
40	4
41	32
42	12
43	14
44	9
45	18
46	5
47	3
48	6
49	19
50	12
51	27
52	10
53	40
54	6
55	11
56	19
57	13
58	17
59	5
60	5
61	10
62	17
63	14
64	30
65	17
66	19
67	3
68	6
69	20
70	9
71	15
72	13
73	13
74	7
75	21
76	2
77	4
78	10
79	1
80	2
81	6
82	8
83	15
84	5
85	11
86	10
87	6
88	10
89	10
90	9
91	0
92	12
93	2
94	3
95	2
96	7
97	5
98	11
99	4
100	1
101	0
102	18
103	3
104	2
105	6
106	9
107	5
108	4
109	10
110	6
111	6
112	7
113	3
114	7
115	6
116	6
117	11
118	5
119	11
120	2
121	3
122	0
123	0
124	1
125	0
126	8
127	4
128	19
129	0
130	5
131	6
132	5
133	3
134	9
135	12
136	1
137	3
138	13
139	4
140	3
141	2
142	0
143	5
144	6
145	10
146	17
147	2
148	3
149	5
150	3
151	0
152	1
153	3
154	1
155	9
156	2
157	3
158	7
159	0
160	2
161	5
162	4
163	7
164	0
165	3
166	5
167	1
168	1
169	2
170	8
171	0
172	0
173	20
174	4
175	4
176	10
177	5
178	4
179	1
180	9
181	3
182	18
183	3
184	9
185	3
186	5
187	16
188	9
189	2
190	0
191	7
192	18
193	0
194	0
195	6
196	3
197	6
198	1
199	10
200	12
201	3
202	0
203	3
204	1
205	4
206	0
207	3
208	1
209	0
210	1
211	8
212	0
213	2
214	5
215	6
216	14
217	6
218	4
219	6
220	1
221	2
222	4
223	5
224	0
1	51
2	41
3	32
4	12
5	40
6	38
7	23
8	21
9	29
10	23
11	23
12	15
13	27
14	26
15	4
16	29
17	31
18	23
19	37
20	18
21	19
22	7
23	23
24	36
25	29
26	27
27	11
28	16
29	9
30	6
31	28
32	7
33	19
34	13
35	26
36	33
37	8
38	15
39	14
40	10
41	21
42	12
43	16
44	31
45	3
46	8
47	2
48	24
49	4
50	8
51	44
52	4
53	29
54	9
55	17
56	22
57	2
58	5
59	9
60	13
61	18
62	4
63	17
64	37
65	16
66	28
67	0
68	1
69	2
70	13
71	18
72	27
73	28
74	28
75	1
76	31
77	11
78	11
79	6
80	14
81	10
82	23
83	3
84	5
85	8
86	0
87	15
88	10
89	22
90	14
91	15
92	6
93	6
94	14
95	8
96	16
97	7
98	14
99	13
100	1
101	4
102	14
103	0
104	2
105	16
106	34
107	11
108	13
109	12
110	7
111	6
112	0
113	6
114	3
115	1
116	10
117	5
118	3
119	4
120	0
121	0
122	8
123	14
124	3
125	2
126	1
127	0
128	25
129	1
130	14
131	6
132	6
133	4
134	13
135	7
136	11
137	9
138	0
139	4
140	2
141	2
142	2
143	4
144	1
145	14
146	11
147	0
148	22
149	20
150	9
151	19
152	1
153	0
154	0
155	15
156	8
157	6
158	6
159	10
160	0
161	8
162	0
163	7
164	6
165	1
166	0
167	0
168	0
169	23
170	4
171	20
172	1
173	22
174	4
175	0
176	3
177	0
178	20
179	2
180	2
181	5
182	2
183	8
184	4
185	1
186	8
187	1
188	14
189	1
190	12
191	10
192	10
193	8
194	0
195	1
196	6
197	1
198	0
199	0
200	2
201	7
202	4
203	0
204	8
205	5
206	3
207	2
208	9
209	0
210	0
211	0
212	13
213	12
214	2
215	0
216	10
217	6
218	0
219	0
220	0
221	0
222	1
223	0
224	0
1	46
2	38
3	25
4	28
5	29
6	55
7	68
8	53
9	31
10	3
11	48
12	31
13	39
14	18
15	34
16	45
17	24
18	30
19	33
20	32
21	18
22	31
23	19
24	39
25	16
26	26
27	13
28	25
29	16
30	9
31	21
32	69
33	24
34	28
35	45
36	56
37	32
38	18
39	24
40	24
41	28
42	19
43	11
44	9
45	8
46	3
47	33
48	21
49	25
50	28
51	12
52	5
53	6
54	32
55	21
56	3
57	11
58	12
59	2
60	11
61	18
62	37
63	22
64	10
65	14
66	24
67	5
68	21
69	20
70	56
71	11
72	8
73	30
74	9
75	27
76	5
77	30
78	3
79	16
80	7
81	26
82	11
83	52
84	22
85	1
86	39
87	10
88	8
89	12
90	4
91	15
92	23
93	18
94	31
95	8
96	16
97	20
98	14
99	10
100	5
101	7
102	6
103	7
104	25
105	5
106	23
107	6
108	0
109	6
110	1
111	16
112	3
113	6
114	7
115	5
116	14
117	25
118	11
119	21
120	9
121	19
122	18
123	6
124	3
125	14
126	6
127	0
128	6
129	4
130	21
131	6
132	0
133	0
134	20
135	18
136	7
137	18
138	0
139	1
140	9
141	4
142	16
143	28
144	5
145	29
146	18
147	8
148	6
149	14
150	11
151	5
152	4
153	11
154	5
155	13
156	1
157	12
158	2
159	0
160	8
161	15
162	0
163	7
164	1
165	7
166	29
167	17
168	7
169	8
170	7
171	5
172	7
173	2
174	24
175	4
176	1
177	1
178	0
179	2
180	16
181	1
182	0
183	0
184	14
185	1
186	11
187	6
188	1
189	0
190	14
191	0
192	1
193	0
194	20
195	26
196	6
197	8
198	1
199	1
200	26
201	10
202	0
203	0
204	2
205	0
206	12
207	8
208	7
209	3
210	10
211	2
212	1
213	4
214	3
215	27
216	0
217	1
218	0
219	0
220	0
221	11
222	0
223	1
224	1
1	62
2	36
3	17
4	38
5	31
6	42
7	36
8	58
9	7
10	85
11	37
12	55
13	37
14	22
15	17
16	46
17	44
18	22
19	13
20	34
21	22
22	14
23	26
24	9
25	24
26	15
27	46
28	9
29	18
30	66
31	8
32	61
33	15
34	31
35	6
36	47
37	22
38	8
39	25
40	23
41	52
42	27
43	11
44	20
45	4
46	4
47	19
48	42
49	6
50	10
51	12
52	6
53	5
54	13
55	35
56	1
57	33
58	24
59	19
60	22
61	11
62	39
63	45
64	33
65	34
66	15
67	65
68	15
69	52
70	27
71	30
72	6
73	8
74	17
75	15
76	21
77	1
78	2
79	1
80	13
81	17
82	0
83	4
84	40
85	0
86	43
87	1
88	5
89	13
90	26
91	26
92	18
93	11
94	16
95	5
96	27
97	4
98	1
99	19
100	16
101	1
102	3
103	34
104	8
105	32
106	1
107	5
108	5
109	13
110	14
111	9
112	42
113	22
114	15
115	0
116	18
117	19
118	12
119	21
120	12
121	0
122	0
123	10
124	11
125	31
126	0
127	1
128	1
129	4
130	16
131	30
132	0
133	3
134	31
135	1
136	5
137	2
138	3
139	0
140	12
141	3
142	19
143	20
144	28
145	1
146	42
147	0
148	3
149	19
150	1
151	26
152	2
153	17
154	2
155	26
156	9
157	5
158	9
159	16
160	5
161	27
162	5
163	50
164	0
165	18
166	0
167	4
168	9
169	1
170	0
171	3
172	14
173	1
174	1
175	0
176	0
177	7
178	32
179	0
180	4
181	0
182	51
183	2
184	18
185	2
186	27
187	1
188	6
189	4
190	23
191	27
192	0
193	9
194	5
195	7
196	17
197	0
198	29
199	24
200	0
201	0
202	0
203	0
204	0
205	1
206	0
207	6
208	8
209	0
210	0
211	6
212	0
213	0
214	1
215	0
216	0
217	5
218	0
219	0
220	11
221	2
222	0
223	0
224	11
1	71
2	59
3	49
4	64
5	68
6	43
7	63
8	53
9	48
10	27
11	18
12	25
13	43
14	16
15	6
16	41
17	23
18	47
19	22
20	19
21	24
22	9
23	8
24	19
25	16
26	2
27	46
28	5
29	6
30	13
31	37
32	33
33	2
34	37
35	26
36	41
37	63
38	54
39	5
40	27
41	22
42	11
43	21
44	16
45	57
46	28
47	57
48	9
49	39
50	29
51	0
52	41
53	5
54	12
55	42
56	40
57	6
58	18
59	0
60	4
61	32
62	43
63	24
64	51
65	20
66	0
67	38
68	3
69	46
70	2
71	12
72	12
73	33
74	2
75	5
76	6
77	19
78	56
79	25
80	9
81	27
82	12
83	29
84	27
85	2
86	2
87	25
88	16
89	45
90	5
91	33
92	4
93	5
94	7
95	34
96	2
97	4
98	50
99	37
100	0
101	0
102	1
103	6
104	14
105	4
106	15
107	9
108	8
109	20
110	25
111	8
112	4
113	20
114	3
115	46
116	13
117	6
118	14
119	2
120	33
121	0
122	20
123	2
124	8
125	13
126	19
127	2
128	12
129	8
130	14
131	38
132	4
133	9
134	5
135	77
136	19
137	36
138	6
139	0
140	12
141	1
142	7
143	12
144	28
145	1
146	55
147	22
148	12
149	5
150	27
151	11
152	25
153	10
154	0
155	22
156	5
157	11
158	29
159	0
160	4
161	2
162	2
163	2
164	24
165	78
166	34
167	6
168	8
169	2
170	2
171	17
172	13
173	0
174	0
175	14
176	2
177	0
178	1
179	5
180	0
181	1
182	0
183	4
184	2
185	8
186	14
187	1
188	1
189	23
190	2
191	0
192	0
193	0
194	7
195	27
196	3
197	1
198	1
199	3
200	2
201	4
202	9
203	1
204	4
205	2
206	2
207	7
208	21
209	3
210	0
211	0
212	4
213	1
214	39
215	7
216	0
217	0
218	5
219	11
220	0
221	32
222	1
223	0
224	0
1	59
2	54
3	24
4	58
5	53
6	52
7	3
8	32
9	35
10	54
11	19
12	33
13	49
14	35
15	50
16	11
17	37
18	60
19	27
20	32
21	17
22	37
23	12
24	39
25	40
26	15
27	38
28	48
29	16
30	21
31	10
32	43
33	42
34	53
35	17
36	20
37	2
38	48
39	32
40	7
41	20
42	4
43	44
44	5
45	56
46	21
47	21
48	36
49	47
50	30
51	8
52	27
53	9
54	17
55	8
56	0
57	50
58	32
59	14
60	13
61	43
62	7
63	49
64	10
65	0
66	3
67	39
68	7
69	59
70	2
71	8
72	21
73	33
74	1
75	0
76	21
77	28
78	19
79	11
80	0
81	31
82	4
83	4
84	45
85	9
86	42
87	4
88	53
89	2
90	13
91	7
92	5
93	21
94	17
95	9
96	4
97	3
98	31
99	1
100	21
101	34
102	39
103	4
104	1
105	31
106	7
107	8
108	0
109	13
110	15
111	6
112	4
113	1
114	7
115	6
116	18
117	5
118	14
119	4
120	7
121	0
122	45
123	0
124	40
125	14
126	20
127	31
128	23
129	14
130	0
131	47
132	0
133	25
134	39
135	0
136	0
137	49
138	1
139	2
140	3
141	6
142	37
143	6
144	0
145	28
146	75
147	5
148	0
149	19
150	0
151	13
152	0
153	16
154	31
155	4
156	6
157	14
158	0
159	12
160	12
161	1
162	0
163	4
164	0
165	11
166	7
167	1
168	0
169	16
170	3
171	9
172	7
173	7
174	5
175	2
176	0
177	1
178	0
179	0
180	1
181	3
182	0
183	0
184	3
185	0
186	0
187	0
188	1
189	1
190	0
191	1
192	14
193	0
194	6
195	0
196	0
197	3
198	0
199	4
200	38
201	0
202	3
203	3
204	28
205	0
206	2
207	0
208	4
209	1
210	5
211	0
212	10
213	0
214	0
215	6
216	20
217	22
218	0
219	9
220	2
221	0
222	20
223	2
224	7
1	53
2	24
3	44
4	43
5	89
6	65
7	66
8	4
9	56
10	29
11	48
12	55
13	115
14	48
15	27
16	93
17	75
18	13
19	27
20	66
21	34
22	4
23	23
24	13
25	17
26	4
27	32
28	22
29	7
30	26
31	25
32	49
33	24
34	59
35	67
36	82
37	8
38	9
39	17
40	51
41	26
42	23
43	33
44	6
45	14
46	38
47	33
48	25
49	4
50	15
51	2
52	1
53	77
54	6
55	21
56	6
57	32
58	0
59	22
60	12
61	47
62	46
63	56
64	41
65	6
66	50
67	34
68	1
69	13
70	11
71	40
72	2
73	34
74	5
75	8
76	23
77	6
78	22
79	8
80	2
81	47
82	8
83	0
84	12
85	3
86	6
87	10
88	6
89	5
90	18
91	36
92	51
93	31
94	11
95	38
96	31
97	0
98	14
99	4
100	0
101	5
102	34
103	49
104	0
105	11
106	7
107	25
108	13
109	20
110	11
111	30
112	50
113	7
114	16
115	0
116	4
117	3
118	19
119	41
120	11
121	0
122	4
123	1
124	7
125	6
126	0
127	17
128	28
129	15
130	37
131	2
132	15
133	22
134	19
135	3
136	0
137	13
138	3
139	2
140	30
141	1
142	10
143	0
144	42
145	0
146	1
147	25
148	10
149	16
150	14
151	38
152	3
153	2
154	3
155	0
156	2
157	0
158	9
159	8
160	5
161	63
162	4
163	0
164	4
165	3
166	4
167	0
168	0
169	1
170	2
171	3
172	0
173	11
174	33
175	7
176	1
177	1
178	1
179	10
180	8
181	18
182	6
183	1
184	0
185	0
186	0
187	0
188	13
189	7
190	0
191	15
192	0
193	39
194	0
195	3
196	1
197	2
198	3
199	0
200	29
201	0
202	0
203	1
204	0
205	9
206	0
207	34
208	2
209	13
210	1
211	0
212	7
213	0
214	2
215	6
216	17
217	0
218	4
219	22
220	32
221	2
222	0
223	1
224	13
1	62
2	21
3	9
4	70
5	39
6	24
7	16
8	26
9	6
10	22
11	43
12	16
13	61
14	48
15	34
16	10
17	17
18	33
19	45
20	40
21	19
22	37
23	13
24	10
25	48
26	10
27	74
28	29
29	40
30	52
31	60
32	12
33	25
34	9
35	49
36	58
37	42
38	20
39	31
40	7
41	56
42	9
43	11
44	41
45	27
46	33
47	2
48	61
49	44
50	36
51	20
52	58
53	18
54	18
55	14
56	3
57	28
58	7
59	6
60	26
61	36
62	9
63	82
64	10
65	52
66	14
67	28
68	2
69	59
70	8
71	24
72	31
73	9
74	27
75	59
76	67
77	13
78	23
79	13
80	16
81	5
82	15
83	41
84	25
85	25
86	16
87	6
88	4
89	0
90	9
91	29
92	7
93	0
94	51
95	0
96	10
97	4
98	5
99	3
100	27
101	3
102	1
103	29
104	15
105	8
106	7
107	14
108	0
109	84
110	0
111	5
112	0
113	0
114	14
115	4
116	15
117	3
118	0
119	2
120	18
121	4
122	37
123	0
124	0
125	1
126	37
127	5
128	6
129	34
130	18
131	0
132	12
133	8
134	0
135	8
136	4
137	0
138	4
139	2
140	3
141	21
142	1
143	2
144	35
145	4
146	1
147	14
148	37
149	1
150	0
151	7
152	1
153	2
154	20
155	6
156	0
157	15
158	12
159	52
160	11
161	2
162	0
163	37
164	11
165	19
166	8
167	4
168	41
169	13
170	10
171	3
172	0
173	0
174	0
175	0
176	16
177	19
178	0
179	5
180	2
181	42
182	4
183	0
184	10
185	1
186	1
187	18
188	5
189	2
190	21
191	8
192	0
193	9
194	17
195	0
196	0
197	2
198	14
199	24
200	0
201	14
202	0
203	43
204	0
205	16
206	35
207	3
208	0
209	9
210	8
211	0
212	0
213	6
214	0
215	1
216	7
217	5
218	48
219	0
220	2
221	0
222	1
223	18
224	0
1	72
2	36
3	17
4	34
5	9
6	25
7	58
8	88
9	91
10	69
11	55
12	92
13	28
14	58
15	42
16	17
17	31
18	57
19	17
20	28
21	77
22	13
23	60
24	69
25	65
26	49
27	56
28	22
29	65
30	2
31	39
32	5
33	11
34	25
35	27
36	48
37	75
38	22
39	51
40	18
41	38
42	14
43	4
44	27
45	48
46	38
47	117
48	19
49	22
50	1
51	4
52	41
53	3
54	3
55	16
56	11
57	14
58	83
59	22
60	47
61	2
62	49
63	21
64	12
65	30
66	10
67	17
68	2
69	7
70	21
71	11
72	50
73	1
74	18
75	130
76	50
77	88
78	0
79	0
80	5
81	34
82	6
83	41
84	10
85	3
86	13
87	10
88	32
89	55
90	0
91	10
92	72
93	7
94	8
95	12
96	12
97	42
98	11
99	58
100	25
101	5
102	90
103	6
104	0
105	44
106	16
107	0
108	0
109	3
110	11
111	0
112	45
113	13
114	17
115	19
116	2
117	21
118	24
119	17
120	11
121	7
122	3
123	9
124	6
125	1
126	28
127	0
128	9
129	14
130	0
131	2
132	41
133	2
134	0
135	0
136	7
137	45
138	41
139	9
140	10
141	1
142	30
143	43
144	0
145	0
146	0
147	5
148	0
149	14
150	1
151	25
152	0
153	29
154	11
155	0
156	2
157	0
158	18
159	1
160	1
161	19
162	12
163	0
164	6
165	1
166	53
167	29
168	1
169	3
170	5
171	26
172	10
173	36
174	8
175	14
176	6
177	20
178	0
179	6
180	6
181	3
182	1
183	0
184	3
185	-4
186	3
187	3
188	47
189	1
190	0
191	5
192	1
193	23
194	0
195	0
196	4
197	11
198	0
199	0
200	0
201	3
202	0
203	0
204	2
205	15
206	3
207	11
208	0
209	0
210	7
211	2
212	0
213	1
214	0
215	1
216	2
217	0
218	0
219	0
220	0
221	3
222	0
223	4
224	9
225	1
226	1
227	0
228	1
229	11
230	0
231	1
232	1
233	6
234	2
235	0
236	1
237	1
238	0
239	10
240	0
241	2
242	3
243	2
244	0
245	0
246	1
247	0
248	0
249	0
250	1
251	0
252	0
253	0
254	3
255	16
225	4
226	4
227	5
228	1
229	0
230	0
231	0
232	0
233	0
234	13
235	0
236	0
237	0
238	0
239	0
240	0
241	0
242	1
243	8
244	9
245	0
246	0
247	5
248	2
249	4
250	1
251	2
252	3
253	1
254	0
225	6
226	0
227	0
228	2
229	16
230	7
231	3
232	0
233	19
234	4
235	17
236	2
237	0
238	16
239	3
240	12
241	2
242	0
243	6
244	1
245	7
246	0
247	13
248	0
249	0
250	3
251	12
252	0
253	5
254	4
255	0
256	2
225	9
226	12
227	0
228	0
229	8
230	4
231	0
232	8
233	20
234	0
235	1
236	0
237	5
238	0
239	9
240	0
241	0
242	0
243	7
244	3
245	0
246	0
247	0
248	0
249	29
250	4
251	0
252	0
253	0
225	0
226	1
227	12
228	13
229	0
230	0
231	0
232	0
233	26
234	6
235	10
236	4
237	0
238	0
239	1
240	0
241	1
242	0
243	0
244	16
245	8
246	8
247	0
248	33
249	0
250	1
251	8
252	0
253	0
225	1
226	27
227	0
228	1
229	1
230	2
231	0
232	3
233	0
234	0
235	0
236	5
237	5
238	0
239	0
240	7
241	0
242	2
243	0
244	38
245	1
246	6
247	13
248	0
249	3
250	17
251	0
252	0
253	0
254	0
255	21
256	0
225	1
226	0
227	0
228	0
229	-1
230	0
231	0
232	2
233	4
234	5
235	33
236	2
237	14
238	0
239	2
240	0
241	1
242	8
243	0
244	0
245	0
246	49
247	0
248	0
249	0
250	2
251	0
252	0
253	0
254	20
255	0
256	0
225	0
226	2
227	2
228	0
229	0
230	6
231	1
232	4
233	9
234	0
235	0
236	6
237	0
238	0
239	1
240	0
241	0
242	4
243	13
244	1
245	0
246	0
247	0
248	7
249	0
250	2
251	5
252	14
253	0
254	0
225	47
226	3
227	22
228	0
229	9
230	9
231	0
232	1
233	0
234	0
235	0
236	6
237	5
238	2
239	6
240	1
241	0
242	9
243	0
244	0
245	5
246	1
247	0
248	53
249	1
250	1
251	0
252	7
253	0
