1	57.1
2	36.4
3	24.9
4	41.0
5	42.3
6	43.0
7	39.1
8	39.1
9	34.8
10	37.0
11	32.9
12	36.7
13	48.3
14	31.4
15	25.6
16	34.4
17	34.9
18	33.2
19	24.8
20	30.7
21	26.4
22	21.2
23	22.2
24	27.8
25	30.9
26	16.8
27	37.0
28	22.4
29	19.7
30	22.1
31	25.9
32	32.7
33	20.9
34	30.9
35	31.4
36	44.1
37	29.6
38	23.1
39	24.1
40	19.0
41	32.8
42	14.6
43	18.3
44	18.2
45	26.1
46	19.8
47	31.9
48	27.0
49	23.3
50	18.8
51	14.3
52	21.4
53	21.3
54	12.9
55	20.6
56	11.7
57	21.0
58	22.0
59	11.0
60	17.0
61	24.1
62	27.9
63	36.7
64	26.0
65	21.0
66	18.1
67	25.4
68	6.4
69	30.9
70	16.6
71	18.8
72	18.9
73	21.0
74	12.7
75	29.6
76	25.1
77	22.2
78	16.2
79	9.0
80	7.6
81	22.6
82	9.7
83	21.0
84	21.2
85	6.9
86	19.0
87	9.7
88	16.0
89	18.2
90	10.9
91	19.0
92	22.0
93	11.2
94	17.6
95	12.9
96	13.9
97	9.9
98	16.8
99	16.6
100	10.7
101	6.6
102	22.9
103	15.3
104	7.4
105	17.4
106	13.2
107	9.2
108	4.8
109	20.1
110	10.0
111	9.6
112	17.2
113	8.7
114	9.9
115	9.7
116	11.1
117	10.9
118	11.3
119	13.7
120	11.4
121	3.7
122	15.0
123	4.7
124	8.8
125	9.1
126	13.2
127	6.7
128	14.3
129	10.4
130	13.9
131	15.2
132	9.2
133	8.4
134	15.1
135	14.0
136	6.0
137	19.4
138	7.9
139	2.7
140	9.3
141	4.6
142	13.6
143	13.3
144	16.1
145	9.7
146	24.4
147	9.0
148	10.3
149	12.6
150	7.3
151	16.0
152	4.1
153	10.0
154	8.1
155	10.6
156	3.9
157	7.3
158	10.2
159	11.0
160	5.3
161	15.8
162	3.0
163	12.7
164	5.8
165	15.7
166	15.6
167	6.9
168	7.4
169	7.7
170	4.6
171	9.6
172	5.8
173	11.0
174	8.8
175	5.0
176	4.3
177	6.0
178	6.4
179	3.4
180	5.3
181	8.4
182	9.1
183	2.0
184	7.0
185	1.3
186	7.7
187	5.1
188	10.8
189	4.6
190	8.0
191	8.1
192	4.9
193	9.8
194	6.1
195	7.8
196	4.4
197	3.8
198	5.4
199	7.3
200	12.1
201	4.6
202	1.8
203	5.7
204	5.0
205	5.8
206	6.3
207	8.2
208	5.8
209	3.2
210	3.6
211	2.0
212	3.9
213	2.9
214	5.8
215	6.0
216	7.8
217	5.0
218	6.8
219	5.3
220	5.3
221	5.8
222	3.0
223	3.4
224	4.6
225	7.7
226	5.6
227	4.6
228	2.0
229	4.9
230	3.1
231	0.6
232	2.1
233	9.3
234	3.3
235	6.8
236	2.9
237	3.3
238	2.0
239	3.6
240	2.2
241	0.7
242	3.0
243	4.0
244	7.6
245	2.3
246	7.2
247	3.4
248	10.6
249	4.1
250	3.6
251	3.0
252	2.7
253	0.7
254	4.5
255	9.3
256	0.7
