1	1000
2	717
3	514.1
4	469.4
5	428.5
6	391.2
7	357.2
8	326.1
9	297.7
10	271.8
11	261.1
12	250.9
13	241
14	231.6
15	222.5
16	213.7
17	205.3
18	197.3
19	189.5
20	182.1
21	174.9
22	168.1
23	161.5
24	155.1
25	149
26	143.2
27	137.6
28	132.2
29	127
30	122
31	117.2
32	112.6
33	110.5
34	108.4
35	106.4
36	104.4
37	102.4
38	100.5
39	98.6
40	96.8
41	94.9
42	93.2
43	91.4
44	89.7
45	88
46	86.4
47	84.8
48	83.2
49	81.6
50	80.1
51	78.6
52	77.1
53	75.7
54	74.2
55	72.8
56	71.5
57	70.1
58	68.8
59	67.5
60	66.3
61	65
62	63.8
63	62.6
64	61.4
65	60.3
66	59.2
67	58
68	57
69	55.9
70	54.8
71	53.8
72	52.8
73	51.8
74	50.8
75	49.9
76	49
77	48
78	47.1
79	46.3
80	45.4
81	44.5
82	43.7
83	42.9
84	42.1
85	41.3
86	40.5
87	39.8
88	39
89	38.3
90	37.6
91	36.9
92	36.2
93	35.5
94	34.8
95	34.2
96	33.5
97	32.8
98	32.1
99	31.3
100	30.6
101	30
102	29.3
103	28.6
104	28
105	27.4
106	26.8
107	26.2
108	25.6
109	25
110	24.5
111	23.9
112	23.4
113	22.9
114	22.4
115	21.9
116	21.4
117	20.9
118	20.4
119	20
120	19.5
121	19.1
122	18.7
123	18.3
124	17.9
125	17.5
126	17.1
127	16.7
128	16.3
129	16
130	15.6
131	15.3
132	14.9
133	14.6
134	14.3
135	13.9
136	13.6
137	13.3
138	13
139	12.7
140	12.5
141	12.2
142	11.9
143	11.6
144	11.4
145	11.1
146	10.9
147	10.6
148	10.4
149	10.2
150	10
151	9.7
152	9.5
153	9.3
154	9.1
155	8.9
156	8.7
157	8.5
158	8.3
159	8.1
160	7.9
161	7.8
162	7.6
163	7.4
164	7.3
165	7.1
166	6.9
167	6.8
168	6.6
169	6.5
170	6.3
171	6.2
172	6.1
173	5.9
174	5.8
175	5.7
176	5.5
177	5.4
178	5.3
179	5.2
180	5.1
181	5
182	4.8
183	4.7
184	4.6
185	4.5
186	4.4
187	4.3
188	4.2
189	4.1
190	4
191	4
192	3.9
193	3.8
194	3.7
195	3.6
196	3.5
197	3.5
198	3.4
199	3.3
200	3.2
201	3.2
202	3.1
203	3
204	3
205	2.9
206	2.8
207	2.8
208	2.7
209	2.6
210	2.6
211	2.5
212	2.5
213	2.4
214	2.4
215	2.3
216	2.3
217	2.2
218	2.2
219	2.1
220	2.1
221	2
222	2
223	1.9
224	1.9
225	1.8
226	1.8
227	1.8
228	1.7
229	1.7
230	1.6
231	1.6
232	1.6
233	1.5
234	1.5
235	1.5
236	1.4
237	1.4
238	1.4
239	1.3
240	1.3
241	1.3
242	1.3
243	1.2
244	1.2
245	1.2
246	1.1
247	1.1
248	1.1
249	1.1
250	1
251	1
252	1
253	1
254	1
255	0.9
256	0.9
